track_id,track_name,danceability,acousticness,tempo,instrumentalness,loudness,key,speechiness,mode,play_number,playlist_number,tempo_scaled
58iL0nPrQDiGo78wm1E4XO,Forest Ghosts,0.108,0.914,75.733,0.834,-16.865,2,0.0367,0,1,0,0.25746235065653245
4DQvQr7e1reGeNuziY30hv,Last Winter,0.728,0.0749,99.014,0.83,-11.993,11,0.0644,0,2,0,0.4071659143228261
77VCh47G2NW2R9MrhE4GSP,Love Is the Message,0.34,0.348,82.896,0.904,-11.915,1,0.0351,0,3,0,0.30352251244260964
3hELSPpiLJFdgSZ1h7YpBL,Temple,0.246,0.438,118.886,0.252,-8.742,10,0.0382,1,4,0,0.5349486219890169
5lroY9xmal22Xc5ebtvO4t,Hidden Tropics,0.678,0.154,124.001,0.869,-10.321,5,0.0514,0,5,0,0.567839551423023
1ESzyXxkUwxQF3Blh7O3Dt,No War,0.592,0.0232,119.998,0.862,-9.709,2,0.0316,0,6,0,0.5420991036176807
23BOrb5trC7y1vr26IRAQ4,Dschuna - Dixon Mix,0.656,0.00403,118.027,0.803,-11.529,5,0.0491,1,7,0,0.529425003536659
5GebEEB1cB7JGJQKU2JgEr,Slanted,0.439,0.199,174.079,0.567,-7.905,7,0.187,0,8,0,0.8898555757037951
6aykUGbGRd23YUrMYYOclI,Making Sense,0.629,0.234,140.014,0.37,-8.711,5,0.0384,0,9,0,0.6708077729336265
2U1ywD86EqAx9JRDohDZH7,Waters Rising,0.384,0.000336,108.106,0.436,-11.337,0,0.0582,0,10,0,0.4656301040420797
3u2R3fpfSNwvEWDzSVcXVS,undir,0.368,0.78,140.009,0.89,-15.03,4,0.0486,1,11,0,0.6707756214874543
46eZrYtPVulmQNz6LgiTEr,J Buyers,0.422,0.411,151.487,0.886,-8.422,1,0.0395,0,12,0,0.7445824813200096
1zsI90Kqvo7c26KAySCRw0,Restless,0.754,0.339,115.007,0.786,-10.993,8,0.0437,0,13,0,0.5100055300487416
2HOh3QHfKfMmcQcarbQfbD,Mesosphere,0.631,0.0704,126.38,0.937,-8.52,10,0.051,0,14,0,0.5831372095116837
3zaP5shr7BR6Ehj9lZQZPJ,Cape Town Jam,0.429,0.0197,124.989,0.902,-7.813,5,0.0491,1,15,0,0.5741926771866198
1f0yPMwmN0LDuqDsJJcmif,Desires,0.813,0.00323,126.0,0.0771,-7.114,4,0.213,0,16,0,0.5806936996026081
6IwbrqhA8HxDwcIWNbAbGV,Afe Ato Yen Bio,0.814,0.404,122.312,0.000164,-4.97,3,0.0404,1,17,0,0.5569787929061049
6d7pdDVxhOAAelJITR3R4Y,Where Will I Go,0.475,0.075,124.571,0.019,-10.06,8,0.0353,0,18,0,0.5715048162866365
1AEKWsqPEFRLAhBOvpLZFC,Always,0.489,0.011,131.817,0.0,-9.684,9,0.0375,0,19,0,0.6180986920791697
5jMNLNQVRMlVAxCyZEQ4Mg,Your Life,0.756,0.0116,119.023,0.654,-16.446,2,0.0783,0,20,0,0.5358295716141311
4pMJF059Rex6E7L0Z1Iipx,Identity,0.562,0.368,121.018,0.942,-15.06,6,0.0427,1,21,0,0.5486579986367787
1Kof47wXnb6Ex2VDnvhvaV,Ready Set Go - Saturn Memories Tahini Mix,0.811,0.0187,115.989,0.886,-11.392,7,0.0513,1,22,0,0.5163200740769319
3DZqLM8smH1i7Cr6xPunMh,Mating Call,0.639,0.0245,124.007,0.931,-7.083,1,0.041,1,23,0,0.5678781331584294
5b8ttHzN2ljyUb7e2kkkhh,String Theory,0.742,0.00535,125.004,0.846,-10.353,10,0.0544,0,24,0,0.5742891315251359
6aw2BGPAzY5kcM3WzELaN3,Starwood Choker,0.068,0.902,73.826,0.936,-19.386,11,0.0353,1,1,0,0.245199789086513
0KUhHZBmb6vtcVLDBZ6aCB,Over Falls,0.687,0.0729,115.002,0.912,-9.365,2,0.047,1,2,0,0.5099733786025694
6uPSGUUi5uucZmfdYP2ttB,Bossa Over? ( Take2),0.797,0.0058,114.997,0.899,-7.876,9,0.06,1,3,0,0.5099412271563974
7JtgYIvJSQBTFHmJ4nIQ0E,La Dame En Rouge,0.535,0.984,83.996,0.847,-25.708,9,0.0319,0,4,0,0.31059583060046037
7HPoNHUAZaXkMFoKUL8Dah,Change,0.918,0.0283,120.006,0.136,-9.537,9,0.0877,0,5,0,0.542150545931556
60hTTJaJ5h6Jr8Hw8kFIMQ,Untitled A1,0.851,0.523,119.991,0.713,-15.736,7,0.0672,1,6,0,0.5420540915930397
1dc1QqI8J3tIc9HgDyvrtc,For Us,0.708,0.832,98.328,0.386,-17.654,7,0.0516,0,7,0,0.40275473590802113
3QZNQYftVFFZFLtthnFhB7,Show Me The Way - Original Mix,0.716,0.00301,126.997,1.29e-06,-6.269,8,0.0997,0,8,0,0.5871046979693146
2gufyyPazraBadP6QYIvOG,Voices,0.769,0.000481,122.012,0.848,-11.983,2,0.0503,1,9,0,0.555049706135782
1spMky7LRW8KwPRmhQPw9e,Dirty - Original,0.743,0.00659,126.008,0.895,-8.676,7,0.0537,1,10,0,0.5807451419164833
4EMXfdWhH0x12WluTsnr85,Kilter,0.724,0.063,123.012,0.788,-12.375,0,0.0689,1,11,0,0.5614799953701917
1cdB9xuMcwiBBX6VGLCK03,We Dance Again (feat. Nakhane Toure),0.668,0.0412,122.024,0.263,-11.549,7,0.0522,1,12,0,0.5551268696065949
3RjJ7cLbldMMn6QPAySECT,Creeping,0.488,0.197,77.6,0.0,-8.078,11,0.438,0,13,0,0.2694677006571755
7l5j3FapCyr6HxUgoAynM2,Gap in the Clouds,0.576,0.588,139.939,0.0106,-8.392,9,0.041,1,14,0,0.6703255012410457
0B7tgqZYgyUkrJ65XWFl72,I'm Still a Man (Lord Have Mercy),0.769,0.457,87.356,0.000248,-9.162,0,0.0361,1,15,0,0.33220160242807717
3hIcea614YYrCEJGtHUyKS,Song for My Father,0.894,0.288,113.199,0.0114,-9.987,0,0.163,0,16,0,0.49837956711292863
4Z4i631BesV0P6LTvfLAdL,Talk to Me You'll Understand,0.741,0.661,126.008,0.674,-11.366,1,0.0514,0,17,0,0.5807451419164833
6aIUAZaJgtGpQpdbMazFwO,Our Odyssey,0.706,0.0801,123.988,0.79,-11.783,2,0.0364,1,18,0,0.5677559576629756
4B3wSbmnVRqpmCh3AsIZAh,Sure,0.396,0.872,134.129,0.000883,-15.782,4,0.0509,0,19,0,0.6329655207891249
5sWLJmq4bXSg70gpeHpPqa,Flight Formation,0.62,0.026,120.834,0.809,-7.525,9,0.0616,1,20,0,0.5474748254176472
3SiwBkQGa7F6zupLVtEP9r,Drums and Claps,0.807,0.0529,122.97,0.859,-13.198,6,0.0452,1,21,0,0.5612099232223464
7K1nVHffWOQkVK94v1Fn06,Feelin' Moody,0.728,3e-05,123.356,0.0676,-6.567,2,0.0621,1,22,0,0.5636920148668286
4YGJ3id9Vt9WmtySe2bAbz,The Black Cat,0.811,0.000263,123.989,0.863,-11.235,7,0.0714,1,23,0,0.56776238795221
3NQpVcIHoWZUBWtP6uE9ey,Somewhere,0.749,0.000788,122.998,0.772,-11.201,8,0.0323,1,24,0,0.56138997132091
0brnyKRZKnNngbH444p8cn,Prince of the Sea,0.0774,0.628,76.982,0.888,-8.641,0,0.041,1,1,0,0.26549378191031026
62wAc90VNxtcNJQJrPaeJQ,Come Meh Way,0.682,0.0738,159.983,0.000758,-6.614,4,0.0978,0,2,0,0.7992142186555551
52DU7jI42CFgfUrvi7mhbA,In Between Worlds,0.532,0.393,89.802,2.53e-06,-12.659,0,0.0411,1,3,0,0.3479300898954435
2ZFdsjmnaovdILzLCaZaVw,Alagi,0.829,0.399,103.002,0.611,-13.023,9,0.0864,0,4,0,0.43280990778965234
0lwkL0G07NYtLrQCugi8lX,Pineapple,0.849,0.392,99.983,0.191,-10.038,7,0.141,1,5,0,0.41339686459096925
6yMAy8BOBn1dZ1Emu1akHS,Apakapa,0.598,0.00367,109.995,0.899,-9.81,7,0.0528,1,6,0,0.4777769204058798
29uvh9AKNiD8CVwxDSWZeD,Pass Through the Fire,0.485,0.000222,94.018,0.807,-9.406,7,0.0326,1,7,0,0.375040189307715
5Hq3XkSIa6kJ46jJWkSJRh,Boreal Forest,0.281,0.403,124.671,0.471,-10.705,1,0.0335,1,8,0,0.5721478452100776
2qcPi2BKIrArJ0Cnb06kqC,Till dig,0.593,0.863,116.41,0.926,-20.082,10,0.0544,0,9,0,0.5190272258446184
23fEf1PfWtRbVSUEizPNjH,Inharmonious Slog,0.793,0.104,115.025,0.805,-11.081,1,0.0526,0,10,0,0.510121275254961
4iK42BgJqtTLVBLwrxVfLN,Life on Earth,0.661,0.627,112.453,0.857,-8.461,9,0.0346,0,11,0,0.49358257134405903
2DeV4SryfbbEM1YgedzKP4,Burns,0.749,0.32,120.008,0.855,-8.96,2,0.034,1,12,0,0.5421634065100247
0MUyYLTGossGLHTkHQH65W,I Will Make Room for You - Four Tet Remix,0.661,0.106,119.999,0.892,-10.18,6,0.0431,1,13,0,0.5421055339069151
7xKYBm1eBxxGsj9PvkLhFu,Can't Find It (The House Sound),0.844,0.204,120.001,0.834,-18.77,6,0.0756,0,14,0,0.5421183944853839
79GFKFraKaZAqMUdt9g1nG,Path of Ruin - Pain Mix,0.706,2.48e-05,123.001,0.864,-8.698,6,0.051,1,15,0,0.5614092621886132
0oHp0oW3RhkwBuNSDFY1Jq,One More Fluorescent Rush,0.612,0.00318,124.877,0.891,-7.645,10,0.0337,0,16,0,0.5734724847923659
5TYtHdPWEp4LdvfrXGd8jG,Arc - Mixed,0.713,0.00121,120.022,0.89,-12.088,4,0.0464,0,17,0,0.5422534305593065
72hNRsk1d6yo98UTzZjZiT,U Hold Me Without Touch,0.663,0.488,127.025,0.837,-10.635,5,0.0431,0,18,0,0.5872847460678781
5qGiFVD3CVWGBGYJxEygLE,Glue,0.853,0.0158,129.983,0.948,-7.995,4,0.068,0,19,0,0.6063055416232621
4uayzCHBoZ1cpTSpMmdMXB,Blurred - Bonobo Remix,0.678,0.0577,124.99,0.865,-13.102,1,0.0442,0,20,0,0.5741991074758541
5OnAqnPnW4ME8BUMW8ZRcw,Praying Mantis,0.793,0.00265,132.001,0.906,-8.577,11,0.071,1,21,0,0.6192818652983011
4Tg0ra2NwFahHXiboKtfPW,"Showreel, Pt. 2",0.274,0.06,92.635,0.689,-10.634,8,0.0495,1,22,0,0.36614709929652633
5FseKiInHwPP0noCzoBmc8,Sacred Rowan Grove,0.423,0.089,120.047,0.694,-14.103,8,0.0961,1,23,0,0.5424141877901667
06xHJ8x3p0Kaw1zYfevxSA,Stretch Your Eyes - Quiet Village Remix,0.579,0.429,120.004,0.901,-16.363,1,0.0352,1,24,0,0.5421376853530872
7FLWpgPAF99CZvGcNBGwGU,Why so Angry,0.7,0.195,125.019,0.693,-9.656,6,0.0569,0,25,0,0.5743855858636521
1xvhO2IhKqdWjtUjOVRebg,Verso,0.488,0.947,136.542,0.953,-12.279,3,0.033,1,26,0,0.6484818087117558
0THutYP9Uqq75bogKFuoXL,Eden (Harlem),0.0794,0.614,81.682,0.86,-17.336,10,0.0406,1,1,0,0.29571614131203616
52D4vLqcr5Nvnzb4GVyZlp,Blackbird,0.386,0.896,90.425,0.0533,-16.333,0,0.0476,1,2,0,0.3519361600884807
5sQVDkkGxoxGcRJ0MkjblB,Brown Oxford,0.748,0.0717,119.992,0.748,-10.135,3,0.0469,0,3,0,0.5420605218822743
6hTU0FvBzbtQXNOCfBRfr5,Never Forever,0.627,0.00302,119.992,0.911,-12.981,9,0.0385,0,4,0,0.5420605218822743
2yNmtP6AH5ovZkPsQ4v4JB,Yes,0.808,0.311,119.986,0.869,-13.157,7,0.0566,0,5,0,0.5420219401468678
35q9WuDJDnXhhvDhXtdhZb,Are You Jazz?,0.799,0.00983,114.993,0.913,-7.227,1,0.058,1,6,0,0.5099155059994598
4nfhLo8wrMNKjcPEenGzX4,Continue the Fun - Space Version,0.809,0.199,119.884,0.906,-13.416,11,0.0648,1,7,0,0.5413660506449579
0DLIOuDOFFeYNumZUQpPLP,Heyyeh - Tom Blip Remix,0.81,0.000688,120.014,0.856,-10.848,6,0.0817,1,8,0,0.5422019882454312
4RHMC3OE3oBpS32peJ6tR6,Final Days - Bonobo Remix,0.709,0.0845,116.99,0.344,-6.9,6,0.0404,0,9,0,0.522756793600576
6vDXDAEr10LtUrMWAhoVxb,Snowing Throw – Lose Again,0.883,0.0072,125.061,0.878,-9.848,11,0.0699,0,10,0,0.5746556580114973
61xP4MEK3Ql5qOuUzRlc90,Why? - DJ Seinfeld Remix,0.541,0.0234,119.043,0.78,-6.817,10,0.0588,1,11,0,0.5359581773988193
7sJGy4DgzbGim6hcdw04Fc,Green Wine,0.807,0.135,120.034,0.824,-7.406,8,0.058,1,12,0,0.5423305940301194
3OW0DWxx56Wsc5wHfnNmM2,Like This - Full Mix,0.815,0.000141,132.017,0.6,-6.805,0,0.0628,1,13,0,0.6193847499260515
1ZD8vZkXOcnwFjCqFQuzs9,Werk,0.819,0.000161,130.011,0.863,-7.522,1,0.145,1,14,0,0.6064855897218255
4DUxuMpejTtuE6P1PmSXPv,Ndebele,0.799,0.0188,126.034,0.835,-6.91,10,0.0566,0,15,0,0.580912329436578
1hwAguis3pTqmmQ7HGNqW1,Tiger Song,0.681,0.607,125.906,0.0,-10.32,6,0.294,0,16,0,0.5800892524145735
5m7a3ZWjnxnSNFKemsVI3e,Loneliness,0.789,0.00716,130.016,0.598,-9.551,10,0.0466,0,17,0,0.6065177411679976
0QqYOijjEVRpf2ePgB1tVU,Pearls,0.682,0.152,124.974,0.916,-9.234,9,0.0596,0,18,0,0.5740962228481037
5VL0XgIWhkAa27vDAbeVGN,Temples,0.434,0.0108,170.698,0.834,-7.738,1,0.0784,1,19,0,0.8681147678022556
1dL5WXVruORU0nUao9bgzC,Timber - Maceo Plex Remix,0.839,0.00209,128.008,0.0598,-6.789,1,0.0338,1,20,0,0.5936057203853029
62gvCFP2ENmOSFG35MVF1M,Long Gone,0.768,0.446,128.991,0.624,-7.495,11,0.0618,1,21,0,0.5999266947027277
4vqd46ciwGymoMsu8myjyk,Mesablanca (O'Flynn & Ekhe Dub),0.697,0.000857,129.998,0.844,-7.677,1,0.0655,1,22,0,0.6064019959617782
7g5z9oXwEGwOPqofm4yj3i,Træns 5,0.566,9.71e-05,124.008,0.281,-9.722,7,0.0551,1,23,0,0.5678845634476638
38s6iiOu26spsFZKj8BtfM,Demba,0.715,0.114,128.043,0.138,-6.617,2,0.104,1,24,0,0.5938307805085072
1Ug6EyZPY7VgW4eO3Z5UFx,Ouin,0.824,0.029,127.024,0.928,-10.076,9,0.105,0,25,0,0.5872783157786436
3AaGCSpUFAmtB1XGxz5IWk,ATK,0.705,0.00471,127.983,0.855,-8.886,7,0.0625,1,1,0,0.5934449631544426
6ilWOSGCIpyRCnVUZsSbEB,Sadhana,0.73,0.045,129.965,0.712,-7.939,1,0.0701,1,2,0,0.6061897964170427
1v3ooF930KR3W7VlM7Mzbl,Pressure Roll,0.731,1.2e-05,130.004,0.914,-5.58,7,0.238,1,3,0,0.6064405776971847
3yaAqfGcXeC02j88iaoebG,Fold,0.792,0.0485,128.002,0.84,-6.849,2,0.0476,1,4,0,0.5935671386498964
5HWybXhMxw8W8t0sUPysxf,Need You,0.692,0.372,128.025,0.698,-11.904,6,0.0428,0,5,0,0.5937150353022879
49vNlVxrCBf5WwUCDySVuN,Blood In The Snow - Tibi Dabo Remix,0.79,0.0132,130.99,0.859,-7.213,0,0.0476,1,6,0,0.6127808428823128
3MOhipHFUkGpS0rV7cKrJO,Rosewood,0.757,0.0668,121.009,0.485,-9.451,10,0.0432,0,7,0,0.5486001260336689
0yUaLqhsVsguBpoOPL4cO7,In Ha Mood,0.767,0.678,141.075,1.1e-05,-6.586,0,0.31,1,8,0,0.6776303098113352
4vworrZL7bZN3Jk4Yh1GJt,Move Your Body (Elevation) [Club Mix],0.709,0.000149,121.97,0.0183,-12.105,0,0.0397,1,9,0,0.5547796339879367
67Hp634KZbo9B5WMsJOalE,It's a Fine Day,0.606,0.115,125.007,0.0547,-9.857,1,0.0462,0,10,0,0.5743084223928392
0JL9dXZ2tjMabWjVjeutKH,Polyghost,0.298,0.927,127.917,0.847,-19.981,3,0.0367,0,11,0,0.5930205640649716
0wUIiILb3unP1LWA91POJn,Clap Clap,0.798,0.00349,127.993,0.896,-5.785,0,0.0856,1,12,0,0.5935092660467867
2jPGZrgcptxJpFV5FXeFZX,Joy,0.777,0.165,123.003,0.86,-8.912,5,0.0639,0,13,0,0.561422122767082
6dsZAzOrP9af5rmzGl9Tlr,Lam Phu Thai # 1,0.494,0.356,97.767,0.986,-7.969,7,0.041,0,1,0,0.39914734364751714
4j69YUUEOMwYZqkZjNOXZu,Time Eater,0.622,0.0683,119.958,0.779,-7.844,6,0.0449,1,2,0,0.5418418920483042
6gq23eytXyqTtpssL2XORu,Ritual,0.526,0.66,35.694,0.558,-6.947,10,0.0327,0,3,0,0.0
7rSSc78daZLuk6cvE2onJk,Jnt,0.701,0.0782,122.942,0.872,-9.032,8,0.0748,1,4,0,0.561029875123783
5p0Qo3kg0tULw2rcRpqi1e,J.B.Y.,0.643,0.647,95.019,0.848,-9.661,7,0.0418,0,5,0,0.3814769088313592
43a5eytnLzXlKdmf8JB9er,Mechanical Turk (Courtesy of Karpov not Kasparov),0.625,0.0182,113.022,0.771,-13.052,2,0.0403,1,6,0,0.49724140591843813
1enynlph69y9FEW7NVhkO3,Csay Csay,0.73,0.218,113.274,0.472,-8.746,6,0.0422,0,7,0,0.4988618388055094
4Yiy714hPjl1kVoOgQirz0,Sounding Line 3,0.817,0.0894,115.015,0.818,-14.249,10,0.0552,0,8,0,0.5100569723626168
4i15m6DrqNMC8WPllDn3hl,Atomic Bomb - Cover,0.834,0.0145,125.798,0.27,-10.062,8,0.044,0,9,0,0.5793947811772573
5QdpQ25GDopAj9Crq1J8l0,Kiburu's,0.742,0.0236,119.997,0.00165,-6.647,1,0.168,1,10,0,0.5420926733284462
4rn7EkBbUgbI7szafLYTUx,See Some Light - LowHeads Night Mix,0.807,0.000714,118.985,0.687,-9.211,7,0.0518,1,11,0,0.5355852206232236
5eaAfrNGUeCpV9m6WETbrW,Umami,0.777,0.0303,120.015,0.576,-4.751,1,0.0404,1,12,0,0.5422084185346656
7CuagiGvDjxrIXka5R2fGu,Desmond's Empire,0.758,0.0515,120.01,0.0861,-9.411,11,0.0455,1,13,0,0.5421762670884936
3tTShgfoXI7p9wN6o9F1T8,Velvet Coffin Pt. 1,0.293,0.524,92.278,0.367,-8.823,6,0.308,1,14,0,0.3638514860398421
77PMEc4VapQ93om4Znocyd,It's Here,0.548,0.886,114.499,0.47,-12.831,3,0.0757,0,15,0,0.5067389431176613
46AGuB3RXz6UaIFERcJOq4,Room In Here,0.643,0.269,86.985,4.73e-06,-4.765,6,0.374,0,16,0,0.3298159651221112
5I1LDaX9jk3sKRErMZJyVm,Blicka Blicka,0.561,0.605,125.078,0.00216,-9.609,8,0.214,1,17,0,0.5747649729284823
3u2uw79iGcveCDxYgm60ft,Sadeo,0.42,0.915,98.624,0.00123,-16.377,0,0.0359,1,18,0,0.40465810152140635
3bPlMzfHJMYqdAC80NLPTb,Remember the Rain,0.519,0.74,136.062,0.0199,-8.963,6,0.0304,1,19,0,0.6453952698792391
5pdXvqbNN5kdR3yP28kbZE,グッド・バイ・マイ・ラブ,0.407,0.645,118.764,5.47e-06,-6.29,3,0.032,1,20,0,0.534164126702419
2e7cqTtXsEmSwrFRHUXA8F,Junun,0.465,0.26,155.022,0.00838,-6.185,11,0.0863,1,21,0,0.7673135537636482
0E2oFVLYPo9Zy8iRuvdOsO,Calypso Breakdown,0.582,0.353,116.14,0.739,-8.274,9,0.0409,1,22,0,0.5172910477513278
3Kk09UY1BMfazXZ2LW0NdM,Still There - Max Cooper Remix,0.676,0.0956,119.001,0.858,-9.415,6,0.0451,1,23,0,0.5356881052509741
6bggJGFDwd8ZzSK535TW93,Cirrus,0.64,0.391,119.038,0.93,-8.387,2,0.0374,0,1,0,0.5359260259526473
20ieXcjQBv4ePXkWxhvKPV,More Than Me,0.851,0.00383,117.994,0.38,-6.768,9,0.0476,0,2,0,0.5292128039919235
5gZQ4zObUQdHMz1ZvY8ZHr,Straight & Arrow,0.876,0.018,115.996,0.941,-12.08,1,0.0727,1,3,0,0.5163650861015727
6KuF6uqMIvaafrF1LCWcEg,Matthew and Toby - Four Tet Remix,0.744,0.572,125.007,0.94,-13.403,7,0.0438,1,4,0,0.5743084223928392
3wOvsTasHWNjKylBslUtL7,Sapphire,0.641,0.048,135.024,0.612,-9.976,0,0.0312,0,5,0,0.6387206296539217
3XxUrQjvqK1J6ApLK7E8G0,What's There,0.682,0.0295,131.035,0.84,-9.981,4,0.0437,0,6,0,0.6130702058978612
6WvMiJ7yIczj0GqNQ8ADjz,Kiara (Cosmin TRG Remix),0.593,0.0112,124.987,0.905,-10.786,2,0.052,1,7,0,0.5741798166081509
3pXQeUeMYYxdBouICpd0L2,Pyre,0.803,0.0545,131.009,0.827,-8.758,9,0.0656,0,8,0,0.6129030183777665
3NcXSz4d3J7IfUjfNlT4CV,ARP3,0.824,0.0372,124.943,0.918,-10.38,5,0.0936,0,9,0,0.5738968838818369
6xGFUqbhwuDPkcYceJh1P6,All In Forms (Mike Slott Remix),0.313,0.0821,77.578,0.822,-8.314,9,0.0852,1,10,0,0.2693262342940185
3WoWUUWs3zmFKegVLt2oWD,Eyesdown (Machinedrum Remix),0.33,0.000181,159.943,0.892,-6.141,1,0.0973,1,11,0,0.7989570070861787
4x0WzGuKSqZkDKi0N69CLd,Bax,0.788,0.000754,134.023,0.882,-8.433,11,0.0519,0,12,0,0.6322839101302775
6jhm7KeidwkYSop3tWEpCR,Flicker - Mixed,0.68,0.0371,121.001,0.8,-10.719,6,0.0425,1,1,0,0.5485486837197937
70ty8QsYOKx9PGCADJSdA3,Boston Common - Mixed,0.842,0.03,121.096,0.508,-9.694,3,0.134,0,2,0,0.5491595611970626
62MG9pET1R6tK2LEhQp0HX,Jacquot (Waters Of Praslin) - Mixed,0.617,0.00253,122.876,0.937,-9.962,2,0.0402,1,3,0,0.560605476034312
5X77TGdnwDWETSRNlxkOOZ,Hidden Tropics - Mixed,0.683,0.158,123.051,0.881,-7.57,5,0.0413,0,4,0,0.5617307766503337
63SN0vwhCmYBcBSvaHb5td,Nia - Mixed,0.407,6.28e-05,122.833,0.904,-7.351,6,0.0351,1,5,0,0.5603289735972323
4tUA0XgKiEigUywHbtkdLX,Maia - Mixed,0.592,0.131,122.992,0.911,-8.442,10,0.0345,0,6,0,0.5613513895855035
2yVvaMeR6fHEJnVDYAtX2R,Cold Harbour - Mixed,0.744,0.177,123.015,0.925,-9.38,1,0.063,1,7,0,0.5614992862378949
2hktBdwqtF6YKWKiI3IHld,Ibrik - Mixed,0.746,0.179,122.997,0.923,-10.289,5,0.0901,0,8,0,0.5613835410316755
3ebBvdXiKSm4F7KnlYwIGr,Femenine - Mixed,0.597,0.241,123.02,0.906,-9.342,3,0.0308,1,9,0,0.5615314376840669
37uU8o0cTjkpQO5iLRtpin,TKOTN - Mixed,0.793,0.0038,125.009,0.872,-8.68,10,0.0497,0,10,0,0.574321282971308
6skQUzz3MsUz2coLt9cNIr,Sacred - Mixed,0.659,0.00919,125.002,0.816,-7.695,1,0.0325,1,11,0,0.5742762709466671
0O9KJ1I2AVsWV2WVOhH7cn,By Your Side - Mixed,0.58,0.0282,124.986,0.904,-7.984,1,0.0363,1,12,0,0.5741733863189166
5e0Re9ZTGAdneMANQGnBFv,Buzzard Walk - Mixed,0.379,0.0265,124.931,0.736,-7.392,1,0.0502,1,13,0,0.573819720411024
0z5IvI7mWc0ovidkaqqPGw,Focus - Mixed,0.672,0.0928,125.002,0.000408,-7.889,6,0.0528,1,14,0,0.5742762709466671
7nJYAX12wBFayluex9EEpd,Roach - Mixed,0.786,0.000966,125.034,0.919,-7.813,11,0.0554,0,15,0,0.5744820402021683
4kTnzCEM0ySHMf8nSCqLB5,Perpetrator - Mixed,0.49,0.000233,125.067,0.703,-10.87,8,0.0701,1,16,0,0.5746942397469037
5wt8xyRZ2w0FXajMTXb8kZ,Mirapolis (Laurent Garnier Remix) - Mixed,0.533,0.0498,125.009,0.931,-12.389,10,0.0446,0,17,0,0.574321282971308
2OrDR0g9cuZPyxhpmgXXPA,Rheged - Mixed,0.689,0.0172,125.027,0.563,-7.86,8,0.0391,1,18,0,0.5744370281775274
5RFqOADZPlCiP6PEW71ahg,The Way - Mixed,0.738,0.00192,126.053,0.0355,-10.861,10,0.0551,0,19,0,0.5810345049320318
5WvOk9rHuKBtf9U6qAErcF,Stargard - Mixed,0.658,0.118,126.075,0.308,-9.978,6,0.035,1,20,0,0.5811759712951888
4qmaEfAe4UHGVBDMZp9xnn,If You (Club Mix) - Mixed,0.636,0.049,126.935,0.953,-10.253,10,0.0319,0,21,0,0.5867060200367812
3PmJIGRY68TUPmhfAe9Prz,Collage Of Dreams - Mixed,0.494,0.51,127.004,0.922,-16.826,8,0.0372,0,22,0,0.5871497099939554
5EGJ7e7frJjYja6H4afzoT,Bambro Koyo Ganda,0.723,0.21,115.518,0.334,-10.22,1,0.0572,1,1,0,0.5132914078475249
0UoXzSgRU5Igibr2Wntm9w,Elephants - Original Mix,0.759,0.0387,117.997,0.827,-13.783,10,0.082,0,2,0,0.5292320948596267
3FeosxZcVBWesL8jTMtVbk,Split Wick,0.803,0.00332,122.008,0.916,-11.388,1,0.051,0,3,0,0.5550239849788442
1wUi98zKIqQqeJaSsORKqm,Wrong Diagonal,0.803,1.18e-05,123.021,0.89,-13.089,7,0.0507,1,4,0,0.5615378679733014
3rCtueI7qBN2kZBZnXuk5K,Linked,0.713,0.539,122.041,0.886,-9.951,6,0.0385,1,5,0,0.5552361845235798
7sqgV3wwdHFWCkaYNJkY7o,Trébucher,0.547,0.0226,124.993,0.748,-8.292,6,0.0369,1,6,0,0.5742183983435574
3sJCADvtbzgKPzEBHhHSLY,One More Fluorescent Rush,0.612,0.00322,124.877,0.889,-7.645,10,0.0335,0,7,0,0.5734724847923659
7B4LoQ23Anl4CbUJxHCoYS,Outgrown,0.511,0.0425,127.972,0.916,-6.67,1,0.0333,1,8,0,0.593374229972864
5seZV3dCxExd7Q36KwWh2S,Hey Mama,0.792,0.0196,127.004,0.866,-9.099,1,0.0466,1,9,0,0.5871497099939554
7ocA5x1DLDKBHPpFD0K4EF,Bosphorus,0.524,0.0201,124.929,0.597,-7.511,10,0.0498,0,10,0,0.5738068598325552
4RTPdgun3QimcZbytzLxOC,Song For Mr. Lewis - Original Mix,0.718,0.0216,127.008,0.851,-9.24,10,0.0496,0,11,0,0.5871754311508931
6YcWUCLMUyTaKScNXIG3qI,Stand Up! - Pangaea's Mix,0.437,0.00942,191.208,0.215,-11.695,7,0.209,1,12,0,0.9999999999999998
5fXHswaQRTvzfwTC8CW5Ew,Casa - Axel Boman Dub Mix,0.757,0.0158,124.003,0.874,-8.0,11,0.0507,1,13,0,0.5678524120014917
20YfhQiwRzzQgrltg5rGE5,Changa,0.819,0.00414,124.978,0.552,-7.608,7,0.192,1,14,0,0.5741219440050412
5DAjrJqXqYtgr67pVhmUeR,Kerala,0.529,0.0237,124.75,0.607,-9.578,7,0.0718,0,15,0,0.5726558380595959
2ZaL63zLMDr6H18El2EIt9,Rosewood,0.757,0.0668,121.009,0.485,-9.451,10,0.0432,0,1,0,0.5486001260336689
1uOtAQ7g9zVKf8vh0dcO4d,How Long,0.626,0.0708,119.131,0.0382,-5.745,11,0.0583,0,2,0,0.5365240428514474
70ty8QsYOKx9PGCADJSdA3,Boston Common - Mixed,0.842,0.03,121.096,0.508,-9.694,3,0.134,0,3,0,0.5491595611970626
4tUA0XgKiEigUywHbtkdLX,Maia - Mixed,0.592,0.131,122.992,0.911,-8.442,10,0.0345,0,4,0,0.5613513895855035
59QNyVtGhYoDnpO6T1e4yR,Otomo,0.667,0.00409,125.994,0.856,-8.93,4,0.0423,0,5,0,0.5806551178672016
7aLYQgzGLy8duSSdTJa1ik,Shadows,0.658,0.0913,114.029,0.393,-10.976,10,0.036,0,6,0,0.5037167071774887
3FeosxZcVBWesL8jTMtVbk,Split Wick,0.803,0.00332,122.008,0.916,-11.388,1,0.051,0,7,0,0.5550239849788442
4kTnzCEM0ySHMf8nSCqLB5,Perpetrator - Mixed,0.49,0.000233,125.067,0.703,-10.87,8,0.0701,1,8,0,0.5746942397469037
5EGJ7e7frJjYja6H4afzoT,Bambro Koyo Ganda,0.723,0.21,115.518,0.334,-10.22,1,0.0572,1,9,0,0.5132914078475249
1V2Z18nOByb7DqCECFh2Yt,La Perla - Tourist Remix,0.664,0.0316,124.0,0.892,-10.5,7,0.0509,1,10,0,0.5678331211337885
3scH3LfC2eyoX4zd5sp759,Sacred,0.792,0.00613,123.018,0.847,-7.25,0,0.0444,1,11,0,0.5615185771055982
1wUi98zKIqQqeJaSsORKqm,Wrong Diagonal,0.803,1.18e-05,123.021,0.89,-13.089,7,0.0507,1,12,0,0.5615378679733014
0ppoT7dGTnY1Y5QKC125bz,Be Good,0.495,0.00314,101.211,0.583,-10.541,0,0.0339,1,13,0,0.42129325977082444
6aFibEwLZUbMln9c5nwtyQ,Midas - Ben Pearce Re-Edit,0.794,0.163,119.973,0.0575,-9.328,9,0.0636,0,14,0,0.5419383463868204
5nvBbsER3AjvqnptLds8VP,Heavy - Icarus Remix,0.627,0.00937,122.997,0.886,-7.029,10,0.0475,0,15,0,0.5613835410316755
